0.028582366491472014 16.121352030427623
1.0058097990142743 12.518604953326912
1.930860659831006 15.574231635639801
3.0173162097197133 12.885360849037244
3.976878767316248 14.434343569222815
5.027994481700637 12.777337333548434
6.062032539494441 12.455147020643079
7.0170529494742135 13.231116595475758
8.057030706899427 10.766391881351902
9.08774032942603 10.960827733090023
10.082348349095652 10.114111763598512
11.011008990512366 9.858769295532783
12.055707124657062 8.97705770272745
13.04565409233255 10.829151894385603
14.07699643882204 8.894838696745962
15.010825148652696 9.63696634187271
15.93983322123828 9.843701134403279
16.962793328016776 9.96978936785124
17.95439372181549 6.2502095281965655
19.061552621491803 5.419398366335248
19.942712041118067 6.019260533198029
21.030187069180442 6.11905288754703
21.905459876069756 4.403969125763834
22.920882600489495 4.882003820447199
23.9070044488916 6.854207439905958
25.027029850948125 4.252236664959612
25.949093063782975 4.560356886008935
27.064764046599443 5.16549538271287
28.054609337136213 3.9921608243630997
28.956759346794176 3.009830965561207
29.944915351345323 4.757256979437489
31.097454218384783 0.8636780321394291
32.041901956415565 1.2145533438474096
33.05140619014308 1.0715497725030159
33.960450072671094 2.595466318456443
35.024043848611186 0.1401679119387862
35.99328080492316 0.003459326902546689
36.994600363814 0.5768547614653818
38.049270773715335 0.6101946017950333
38.92496434766183 1.136283421348828
40.09807343781136 0.08758516157921514
41.06738661472447 2.84014520960755
41.99360734123315 0.8820371586881999
43.084922677781286 1.9816015688169526
44.02942842942223 3.974338484758669
44.939530426863065 1.285219330100452
45.90543903056139 2.439468389773039
46.961941780141764 3.2118131919042527
48.080944371697 2.093146685447932
49.00466853807157 2.9951409541212404
50.09154508275954 4.833898832621797
50.92364995287684 6.434939777782436
51.98470560238701 5.583326271598189
53.009106618557794 6.106526013085947
54.0144804002217 7.491129591850341
54.93677269730896 5.909107794722691
56.0692906903528 7.33499042843299
56.94242453874252 7.83499546304021
58.00110665599922 6.347930552992279
59.083885265680124 8.16560655770838
59.951253108963165 8.965248780145785
61.053741060152 9.266212629851108
62.071886778495916 7.502605018098023
63.078460109559806 9.84612213957933
63.9625083095217 8.914987429610818
65.04293723183608 11.282235546684579
65.92591167611818 9.5856229026395
67.08206481438829 12.285166802831652
67.91808137130396 12.283158875409296
68.92410869097849 12.868691832474973
69.9543774220974 14.08625010448195
70.97406653953965 10.93248962906739
72.07494735936736 13.525594781465132
72.9827846696111 11.40519820144645
74.09165930624212 12.185176496239952
74.95627465499638 13.417550902104827
76.0497756455759 15.245767862645998
76.9394682732031 12.951988188751342
78.05874745032284 14.234106484814102
79.04566278308018 15.549154307131564
79.95408057777107 14.77793522655484
81.01987042187451 14.911832582045694
81.90547669978231 15.595421906031586
83.0013707541652 17.285388047196665
84.09705020279402 17.406611159931636
85.01404056633736 19.161055089487537
85.95568882848085 16.687876164334785
86.94711665241178 17.340299642384352
88.09994487363171 18.659394272861956
88.99481094823776 19.698636328393032
89.98884534320004 20.41755179320272
90.9727019783031 19.411932401137463
92.00604616738008 21.191592306077016
93.00417267287787 20.75953958901371
94.08755854762845 21.35236369422937
95.02374584904892 21.21396720408499
96.03528311158918 22.534987611561263
97.03471257193912 23.26438387886279
97.99791804135741 22.209922193164115
99.00138764817859 21.216249950783215
100.07935129434819 23.608740326000483
100.97920261909478 23.79195275771685
102.05682599969936 23.566019681109914
103.02867616910497 24.42028322613105
104.09496042200071 23.18586292061876
104.96277236534644 26.179505712262763
105.92454817305955 23.91587961331213
107.04837765660555 28.051895799664138
108.01759615629094 26.696238111965332
109.00852681713121 28.649288940385706
110.01949202732513 27.125025249102855
110.90889389557094 28.448751599303133
111.96573683484128 28.490073156719525
112.90641240618845 27.968647120243983
114.0070683044039 27.079181185536232
114.9718543182121 29.20296958177592
115.97513359305015 30.828216162113517
116.94707774347421 29.018142087860568
117.91581457022521 28.770723512110536
118.98261136357068 32.44609929799042
119.9685670832801 29.169604053360136
120.95229145855097 32.207673085572445
121.98747938370657 30.503217149608446
123.06896301099515 31.145422990996604
124.00371844992063 31.46875152699871
125.09721841819015 34.649448607199275
126.07558036846709 34.0725728789028
126.96525485891401 35.27666121352143
127.91097267448744 33.75832971665891
129.03185847750055 35.120949834342056
130.07627869844862 36.5040190251055
130.922011000263 36.92450100093571
131.9960274578057 34.53073560623382
132.9121721146044 36.39518742603871
133.93922790065199 34.530978771432174
135.0544252164004 38.39820069340861
136.0059174899528 36.58879906706079
136.99951595220816 36.27048900417556
137.9830646842101 36.32824856677292
139.08741891530127 36.999340340660375
140.022241801518 38.14254123323003
140.97436289846775 37.93910979501035
141.94775062321636 40.292847679149816
143.0747684913998 38.36058546669445
144.09316025617196 38.529389053992745
145.06444481167082 41.4147982164616
146.0915177602295 42.575191601166566
146.9409772095296 41.71763775412221
148.0628539434433 43.29268265932674
149.01623709700954 40.54609247718494
149.9662300963629 40.78223212190505
150.99604482768646 44.04935568441194
151.91129313113487 42.96569421206482
153.05573747280772 42.106913576835026
154.03570181647706 45.39912329065374
155.07210331048375 43.00426827572751
156.0985259125062 44.041313181909146
157.0295214470537 46.48447441253694
158.06296475118853 45.01450796183651
159.08975254886386 47.51333382559624
160.02302813056673 47.93102432050834
160.94035643997856 47.554871666942475
162.07327542373415 48.20152718720988
163.0766378399331 49.35364964283481
163.99987165156182 46.62098753264065
164.95623102118034 48.053699426477166
166.0085143572452 48.91291125429977
167.0135735468605 49.596934631063554
167.9425175665552 48.5706125585571
169.09214115503292 51.82385748318622
169.9454848082965 50.65689083975627
170.9701907047028 51.12431987622819
171.94072481654982 51.6483530215191
172.99341096885695 51.113295814965895
174.05306375062796 50.46468445005788
174.99392787302648 51.04193809269779
175.98378958226576 52.913273128666916
177.00963509935386 53.99568103776048
178.08997207635767 53.523966042866334
179.09182138306264 54.512204018992875
179.9614222638013 52.91210235121535
180.9663198708729 53.138930869037324
182.05960125157347 54.26044575674992
183.06477850984493 53.4860910859418
183.99480027746208 55.733956835132915
184.96944955935646 57.44253867734047
186.009417698067 57.05048580564546
186.9824517131747 57.29819115231292
188.02437409199473 58.16505490638719
189.07509769443777 57.39342971825489
189.93947438268265 58.77442135017456
190.9617214176768 59.45224961284534
191.9961973790402 58.67341434423699
192.94715093693483 59.43763338545094
193.9497628973279 60.64086816767332
195.03995001951577 57.88258288004471
196.05422355715882 59.55059333945941
196.98674449678018 61.348540486576844
197.9419589128684 59.23051846517965
199.07059591849344 62.84547562526118
199.91229147919324 62.4002668724676
201.01953221454983 62.28245982308679
201.97882862300065 61.69609714970238
203.04726687193553 61.023257439876666
204.03592511899038 63.71358159290559
205.03870212190267 64.5536253799685
206.00866014689612 64.11550472041573
206.96930756024415 65.24985500091755
208.05725564026716 66.4929113229928
208.99903341208469 63.426847580880306
209.94081749258154 65.61769075723221
210.94244686689916 66.13884749655261
212.09833183234667 65.51669303546768
213.08116666535244 65.29682725365778
214.05258476026867 68.35368170174826
214.98502997059433 65.81341733099389
215.9684917244394 68.4701282251574
217.06445147796322 68.9282221216381
217.98066353917577 68.92410238674692
219.07168908604507 68.9932770228207
220.06682357209704 70.44053947650129
220.9465604767078 70.01088885589573
221.94610365650342 71.59454907782658
222.93022640972035 69.4074719364749
224.0735177956187 69.46429926281047
225.01307354000332 69.82154627063511
225.98835474947109 70.40024078911415
227.04274169050373 70.08774796830996
228.0928316726454 72.6946150139552
228.93285233969087 72.5853796243917
229.9346864803631 71.21986084739186
231.0224368805157 74.01538428635436
231.94926573308936 72.96372037366979
232.9671454945031 72.88580898799665
234.06844558654964 73.23410949354253
235.00207817325966 75.2138086746073
236.06357049799794 76.05044984988395
237.0519207325804 75.91337259212598
237.94727625847133 75.56242131978402
239.05458027240394 77.89272672408708
239.98603518609306 77.44204050278584
241.03804678621523 76.2250455273926
241.9275620845617 78.0394404334672
243.0835679307132 77.25985656073858
243.97354285484192 76.37248813514486
244.9630418936697 76.95670053583748
245.93148584945138 79.8586373976273
246.95659499824237 77.64893083027766
247.96256167647815 78.75758931418399
248.99319213939225 80.23320417610057
249.91151820159234 80.73134560992521
251.037402011523 79.99425143745164
251.95444132333807 82.99711348137149
252.97556727460034 83.29945864481704
253.93560028963674 81.37375472543916
254.90011505488334 81.32349381844388
256.08409947454055 84.14615580415837
256.9548158619332 81.34023980626313
258.0091132034872 85.19572966881557
258.9990492715306 84.20422372894451
259.975149080538 83.98907321549537
261.03559996213306 85.5588615913093
262.0921560751274 83.36385534923114
262.9163961119433 84.89237721503251
264.05381471519485 86.17952097352322
264.91788228781616 87.69184175948855
266.02120662275104 86.82895908968543
266.9352890694876 86.87053408603524
267.975086076101 85.8547117281631
268.9180948979542 87.03087747679443
270.03934667008383 88.68747245842248
270.9552781998154 86.83311808604405
271.9762861158458 89.7524887841983
273.0066241008085 88.30092364165796
274.0392238524803 89.72285370270188
275.0603692268273 89.24282485827767
275.9792124190684 91.50616602945799
276.9983269381378 89.44927887847827
277.9637057514408 91.40953846929888
278.96771978768794 90.57462446397395
280.0573113603883 90.30065635126181
280.99645787629333 94.32163407317248
282.01008104202884 91.88747626103633
282.9220536818113 93.73465481316059
284.04866723436527 92.48146427502434
285.05517222312466 95.33804970069512
285.9567596654058 96.02162112330959
287.0673379407803 93.93566070721276
287.916966854514 94.56480654855231
289.04437358142394 96.58952589249255
290.08723354060817 95.4837406021777
291.04863303055254 97.6599574064715
291.93439118381013 94.74225825072965
293.0397063376789 95.46707482338059
294.03280129608504 98.26834511318317
295.0258799366637 97.44130996761731
295.96931574428703 99.77834218986267
296.9347977629642 98.29355249349913
298.04720691877003 99.25482089991247
298.965772776821 99.15298129053079
300.05379021043314 99.86733514815487
301.09832120247705 98.19587814893785
302.0657398768082 98.67081449125698
302.990366095186 100.54798344930133
303.99356691957 100.28208813935595
305.0865861544543 101.17616527596162
306.0249054346736 101.03373311982078
307.00681350826096 103.03533722818862
307.92673539379786 101.45020556417911
308.9083760007497 103.09248153313116
309.9095428169091 102.16631235823941
311.0714117527982 104.02727273962316
311.9084412983961 103.48317098375792
313.014059655321 104.27488060440157
313.9420015377551 105.84773146633465
315.0224314545133 106.0368022138312
316.0864100498962 106.99952814676665
316.92208748902834 105.92255413389105
317.944496066947 105.57347071470777
319.075802370605 107.29857216609679
320.04380153876207 107.91077427504
320.94452866469805 108.96929324920417
321.95092777021136 106.67097655306524
322.98792566390574 109.70461165570794
323.9496905840276 109.77975599856417
325.0882219787976 109.91543187358981
326.07751553060274 110.6186168769971
327.06206653308936 110.89737558495817
328.005248599805 111.06152919359138
328.93963087940676 108.93309264117786
330.04186252773394 109.86256090544549
330.9261167306301 112.61861400232245
332.00219365392746 111.80774814285155
333.0582459229526 113.07800741133141
334.0807131056572 111.70534671973306
335.01229410749494 114.97191572658093
335.9142104702981 115.1731700593113
336.976508013443 114.5006188138486
338.04079265784094 115.76434066481639
338.91841323938115 112.95091142992412
339.9963660913915 114.12890759862348
341.0405274654101 113.55627356472617
341.9985345505804 115.61133568186885
342.9551207349663 117.67624645661597
343.9279648350443 118.29849757700993
344.9357655441083 117.466617049779
345.91514781779017 115.69595840733086
346.9418186038195 117.36088523031668
347.9537429423832 119.7153534928627
349.02652730764606 117.77075183084425
349.93242590970686 116.87036713359433
351.0874149498066 118.92345561367145
351.93422584463156 120.24651168092781
352.9673396679113 119.220157904507
353.90301027244857 119.70744052402266
355.0656513315951 120.3399480963645
356.0670359934459 121.35865534553973
356.99103053057917 121.12674498687109
357.92276288929776 120.27595808653113
358.9386989282876 122.8401325532923
360.0033350013452 121.96674299110093
361.01457862123897 121.44576100755917
362.018166925553 122.08181757904272
363.01100713598953 122.68679776801675
364.0770680008455 122.12302340836767
364.92688708573587 126.17553379454203
366.03927081262907 125.15318505259904
367.043615268343 125.98689956990263
368.0016007617881 125.4232499899747
368.9289007648482 126.29071587355479
370.0301580564072 124.6441695130247
371.0197517822554 126.10971467565153
372.0402214392374 127.59015836945049
373.02326776682236 127.27998552187503
374.0257043949152 129.0511791443
374.9142539577165 127.71220027128214
375.96272934184884 127.92690085724611
377.04830940168614 128.67033918153754
377.98485190974844 129.86709228102063
379.03549582379316 130.3137704655709
379.9888713039293 131.1520749388649
380.9534552652357 130.92050733724963
382.0613622735635 130.4416503972174
382.90288007937795 133.0555542222257
384.0351472958668 132.10260525768746
385.0151961470456 132.87708471421647
386.07089210234284 131.35111112318918
386.972102506543 133.05669044020786
387.9283877791727 132.7063768060162
388.9471341665909 133.73964113512466
389.9563975860736 133.3533224730396
391.0111725432327 135.56390991326475
392.0414105117676 133.7830127491164
393.0616459567042 135.9467263814582
394.0870557187866 134.18231984069834
394.97458167898253 134.0568098855622
395.9492153701326 135.89828143257617
397.017766474225 135.98190623464313
397.9686718235749 135.44322460163517
398.9783166024957 135.93363150075294
399.98211891512716 136.71545746749825
401.0133857997851 138.76617904664022
401.993093461492 137.7036909892317
402.9530486763773 138.19202963659737
404.07530352780776 140.61673493358992
405.09818495296935 139.7883293600233
406.0918885483916 138.5450557671842
406.9030379317955 139.87127061991944
407.9281152280325 139.1723455639089
408.9965029949017 141.63593375508242
409.99244237460914 142.05664769891348
411.01800091175903 140.47492279340617
412.0816024103387 140.35278853286187
412.93460263466454 144.4754650661885
413.941960904107 142.2621173705563
414.93590721817037 145.28976211247698
416.0224925301432 143.0219413514444
416.97019111771556 145.35492343586907
418.0044902025456 146.42298329726148
418.9305383130717 144.17817980417723
420.00581819706287 145.62891155930302
421.06617472554433 145.3596436030227
422.0114650742008 147.41917372405692
422.9936759419808 146.29117615487823
424.08518180866787 148.4597541031419
425.0773310020393 148.42619300289977
425.98616131076614 146.54930572176275
427.06254929258364 149.8587960269601
428.08482978926696 147.51539524338503
429.0289390898905 149.88981151232957
430.0318587123066 147.57666981585274
431.02501510602593 149.7129786359793
431.9012277040595 149.4438327016681
432.9076819472134 148.5756863763203
433.9597037306008 151.6944069990971
435.0761787107622 151.30628624374137
435.9201294228523 152.4159042551084
436.99408431500495 153.7140252532312
438.08364858376297 154.09571995715376
438.94636092479254 150.65399380558372
440.0665290378312 153.74002033450734
440.9999180892223 151.75142021067322
442.09319803992173 153.64911035380925
443.01338345658496 155.8710975890074
444.0331168786891 154.25688529944202
445.00096164730115 155.07602794518138
446.0029915776413 153.31598204227694
446.98230256150754 154.01275286214806
448.08577273736086 156.3215158679143
448.98046598624177 156.2343272009277
450.09457285849953 158.22457447386688
451.07615648612955 158.45400256293573
452.0144706602523 156.15533853777447
452.91669356464 156.45550670035485
454.0605557678532 158.94965208673597
455.0891128204066 157.77296173559256
455.9931309096686 157.9920381292601
456.96391374903817 157.93540682769418
457.95497875760856 158.46967250422608
458.94666331856666 158.3619558925705
459.90607936563526 161.33049196996706
460.9803262855388 159.1386475574288
461.9283679469766 162.8400757880862
462.93675001522024 162.22464391026725
463.99012582674345 161.88348385879564
465.0953338610015 161.568934296486
465.95277921276806 164.4750737546734
467.01776476844935 162.66511896687902
467.9284991981137 165.10495018612116
468.9520964168565 163.78535308450535
470.0612978794956 163.6904471009592
471.01673042281453 166.4633487400688
472.0265457638861 164.36537913472617
473.03659805593037 166.275818891934
474.0312578758044 166.13089237948913
475.09261740647014 165.60187763728922
475.9409374382181 167.38005700180412
477.02482960222784 165.9666112806419
478.08535266583607 169.04295655584687
478.9023770371612 168.98418664710863
479.9775268233559 167.34364382862148
481.0623669619108 167.13022222575898
481.9597616869193 170.05155639022328
482.9025004205786 168.8238734873252
483.95064928610634 169.67708706085276
484.99544517414085 171.14123458559888
486.0351971290793 170.31678114167138
486.9639646799805 170.94891695904485
487.93859917642783 170.60207598331786
489.09908061396254 170.45848855886769
489.94600138450284 173.0274065779464
490.92395649917273 174.197505125604
491.9681318947462 173.80274458045756
492.9724827410563 171.29086875671038
494.05740358364795 173.11279786208698
494.9778714817623 174.83536509646345
496.088071920588 174.2148452555999
497.0124084971283 174.29273382729633
497.9940546402784 175.98491057607237
498.92375407390983 174.92934905609187
